141782
133017
145775
141054
138705
135102
149951
142871
144371
142612
171209
155567
163023
166090
165890
158739
137405
166015
149862
160557
145068
146558
154694
138957
161715
162848
165483
155423
167038
159685
165604
168702
155889
167922
156187
158086
163721
154325
161820
150687
170836
158956
170792
151887
163320
160210
152968
151667
130098
155024
156762
125760
159963
138457
152592
156325
126393
161910
144389
141856
139751
113247
132862
136513
125142
127429
135399
121116
135671
134770
145701
157740
125034
170118
179837
155283
158825
143310
134755
151238
104337
167966
140550
150200
147781
106361
153796
151010
128345
146918
152293
112010
128968
153610
101783
117043
135950
113412
114760
124403
97492
98112
115148
91318
130616
148003
107877
140325
153320
107696
118349
135171
109902
118829
133818
105519
125601
127868
109012
110188
115091
116922
119941
121042
111063
117448
120625
121372
143741
126541
123187
142292
115246
141827
133815
166382
146309
145175
156840
134505
127701
126604
161325
154296
162548
160852
162160
162728
163953
167837
166042
163762
161415
158855
156056
171454
163665
164818
161007
163383
156222
161200
162502
159742
166675
167587
163318
164565
159619
164755
164795
158858
162491
165271
165176
159734
159920
159558
159669
157262
159454
158912
163924
164566
162953
161723
163819
163339
159009
160719
163915
158669
160631
163795
166173
164209
165126
162344
162738
161171
163685
162492
163053
160142
158871
159526
159328
166453
163051
168732
161642
161242
165207
165324
160214
159981
161755
163996
164950
156940
164019
161275
163522
162720
161651
163074
160523
163202
167114
166308
162139
164175
165317
159441
158644
165015
164440
162325
161080
158895
165551
164652
165139
164770
162381
164530
161186
162118
163306
160952
165758
162445
161785
165191
162155
163500
163496
163547
164366
161917
167643
161686
161536
160544
161383
162747
167227
162864
162447
160255
165080
157453
164292
160128
163582
164381
159100
161576
163118
160092
166189
162739
166875
158924
164619
162141
164692
164037
164628
157710
160788
163577
162344
161107
161530
162624
164049
161718
167108
160958
165054
165366
159077
159679
160626
165635
165418
164477
158435
167154
163998
157571
165295
161617
165849
160960
162748
164069
156317
166362
157363
161288
164031
163348
165126
161262
164663
160936
158058
161834
158959
164788
169066
165268
161153
169665
163763
162545
159370
159511
164516
161089
163241
168102
160701
161622
162228
163304
162540
160519
162804
163528
165175
161341
160652
165553
157200
170636
160388
164331
165945
164738
165702
167231
160966
161695
157666
165808
165720
162477
165379
163789
164693
162218
161487
161356
165197
159668
163797
162129
164607
160878
162075
163491
157577
161438
162933
164025
159875
164287
165631
163383
165441
165596
167034
161049
164194
164928
167349
163746
164637
159843
160648
159595
159661
161116
161673
160491
163458
163927
168625
162982
161372
165179
160922
167010
158123
165667
161266
159350
162539
165460
164611
162259
165666
168580
167286
163318
162044
165588
160016
167437
164201
161716
158494
163055
161699
167061
163084
161141
165059
159455
165512
163191
163248
164567
162840
165764
161093
161421
165511
162202
160445
158876
163294
167058
167092
160621
162881
165135
160418
164717
160908
163772
161956
164579
164360
164842
157338
163883
167030
164177
163536
163445
162433
163035
161121
162305
164091
162484
164095
155796
166831
156384
164472
166905
160673
162998
165957
163805
164205
166411
161116
167666
161328
165319
161421
165072
162566
164711
161267
159686
169550
162061
164945
162738
161144
161787
164889
163581
169609
168429
165331
160809
160793
158240
158845
164104
159494
164815
167046
163705
165467
158934
161085
164910
172011
166597
163747
166375
159530
167266
165031
163366
163239
162002
164024
163076
157921
165846
166413
160162
166114
162668
163917
164401
161955
168010
167302
164441
162724
167085
167281
163520
163590
156783
166621
162023
163268
165544
164465
164701
158327
164800
164920
166490
159942
166879
166432
163536
163988
160724
165118
163526
162751
163648
161255
160372
163121
160644
165163
158930
163579
165269
160439
167414
163327
160100
165807
163351
165523
165503
161844
165675
162623
161034
165102
163248
163974
161351
157272
166031
164344
165265
165853
165868
157173
163464
164154
165003
162676
161476
163685
163772
160742
162359
166272
162286
161399
164506
167382
163723
163565
164268
165745
163107
164960
165068
159681
162066
161118
168474
164587
166178
167344
163070
162260
160175
163080
164370
160880
161433
161284
160085
163642
166086
158787
162825
162739
163863
162638
159801
162427
165399
158339
163627
156922
158210
164069
162748
161790
162585
163153
163749
162023
162161
161350
166080
167033
160254
160921
163935
163495
162092
159619
160044
168452
164139
167710
160291
159298
168029
159922
165630
159103
158617
162208
167673
155221
162199
165582
161763
162890
167480
163249
159971
